Sum = 8.000000
Difference = 1.000000
Product = 15.750000
Division = 1.285714
